image_width: 1280
image_height: 1024
camera_name: mv_camera
camera_matrix:
  rows: 3
  cols: 3
  data: [2017.821465, 0.000000, 635.767798, 0.000000, 2025.512292, 479.488147, 0.000000, 0.000000, 1.000000]
distortion_model: plumb_bob
distortion_coefficients:
  rows: 1
  cols: 5
  data: [-0.101487, 0.590493, -0.004150, 0.002073, 0.000000]
rectification_matrix:
  rows: 3
  cols: 3
  data: [1.000000, 0.000000, 0.000000, 0.000000, 1.000000, 0.000000, 0.000000, 0.000000, 1.000000]
projection_matrix:
  rows: 3
  cols: 4
  data: [2017.307251, 0.000000, 636.799078, 0.000000, 0.000000, 2024.332886, 476.991669, 0.000000, 0.000000, 0.000000, 1.000000, 0.000000]
